17.9,1015.25,1588610484
17.9,1015.37,1588611040
17.8,1015.34,1588611045
17.9,1015.35,1588611050
17.9,1015.21,1588612981
17.9,1015.24,1588612982
18,1015.21,1588613669
18,1015.17,1588613729
18.1,1015.21,1588613789
18.1,1015.11,1588613849
18.1,1015.21,1588613909
18.1,1015.05,1588613969
18.2,1015.07,1588614029
18.2,1015.19,1588614089
18.2,1015.17,1588614149
18.2,1015.14,1588614209
18.2,1015.26,1588614269
18.2,1015.14,1588614329
18.2,1015.1,1588614389
18.2,1015.11,1588614449
18.3,1015.14,1588614509
18.3,1015.23,1588614569
18.2,1015.25,1588614629
18.2,1015.22,1588614689
18.2,1015.22,1588614749
18.2,1015.2,1588614809
18.2,1015.11,1588614869
18.2,1015.17,1588614929
18.2,1015.2,1588614989
18.2,1015.26,1588615049
18.2,1015.19,1588615109
18.2,1015.26,1588615169
18.2,1015.19,1588615229
18.2,1015.07,1588615289
18.2,1015.14,1588615349
18.2,1015.14,1588615409
18.2,1015.2,1588615469
18.2,1015.17,1588615529
18.2,1015.25,1588615589
18.2,1015.08,1588615649
18.2,1015.14,1588615709
18.2,1015.2,1588615769
18.1,1015.2,1588615829
18.2,1015.23,1588615889
18.2,1015.26,1588615949
18.2,1015.2,1588616009
18.2,1015.16,1588616069
18.2,1015.22,1588616129
18.2,1015.25,1588616189
18.2,1015.17,1588616249
18.2,1015.32,1588616309
18.2,1015.26,1588616369
18.1,1015.26,1588616429
18.2,1015.23,1588616489
18.2,1015.25,1588616549
18.2,1015.29,1588616609
18.1,1015.23,1588616669
18.2,1015.2,1588616729
18.1,1015.23,1588616789
18.2,1015.29,1588616849
18.2,1015.33,1588616909
18.2,1015.34,1588616969
18.2,1015.22,1588617029
18.2,1015.25,1588617089
18.2,1015.22,1588617149
18.2,1015.22,1588617209
18.2,1015.35,1588617269
18.2,1015.25,1588617329
18.2,1015.37,1588617389
18.2,1015.19,1588617449
18.2,1015.19,1588617509
18.1,1015.16,1588617569
18.2,1015.1,1588617629
18.1,1015.13,1588617689
18.2,1015.07,1588617749
18.2,1015.17,1588617809
18.2,1015.17,1588617869
18.2,1015.14,1588617929
18.2,1015.17,1588617989
18.2,1015.26,1588618049
18.1,1015.23,1588618109
18.1,1015.21,1588618169
18.1,1015.24,1588618229
18.1,1015.15,1588618289
18.1,1015.18,1588618349
18.1,1015.18,1588618409
18,1015.15,1588618469
18,1015.2,1588618529
18,1015.26,1588618589
18.1,1015.17,1588618649
18,1015.24,1588618709
18,1015.26,1588618769
18,1015.18,1588618829
18,1015.24,1588618889
18,1015.23,1588618949
18,1015.23,1588619009
18,1015.36,1588619069
18.1,1015.32,1588619129
18.2,1015.35,1588619189
18.2,1015.35,1588619249
18.2,1015.31,1588619309
18.1,1015.39,1588619369
18.1,1015.35,1588619429
18.1,1015.47,1588619489
18.1,1015.48,1588619549
18.1,1015.54,1588619609
18.1,1015.47,1588619669
18.1,1015.59,1588619729
18.1,1015.6,1588619789
18.1,1015.48,1588619849
18.1,1015.51,1588619909
18.1,1015.54,1588619969
18.1,1015.54,1588620029
18.1,1015.62,1588620089
18.1,1015.63,1588620149
18.1,1015.69,1588620209
18.1,1015.57,1588620269
18.1,1015.65,1588620329
18.1,1015.71,1588620389
18.1,1015.75,1588620449
18.1,1015.66,1588620509
18.1,1015.69,1588620569
18.1,1015.74,1588620629
18.1,1015.8,1588620689
18.1,1015.77,1588620749
18.1,1015.81,1588620809
18.1,1015.81,1588620869
18.1,1015.84,1588620929
18.1,1015.87,1588620989
18.1,1015.93,1588621049
18.1,1015.79,1588621109
18.1,1015.85,1588621169
18.1,1015.9,1588621229
18.1,1015.82,1588621289
18,1015.76,1588621349
18,1015.85,1588621409
18,1015.88,1588621469
18,1015.79,1588621529
18,1015.84,1588621589
18,1015.87,1588621649
18,1015.87,1588621709
18.1,1015.85,1588621769
18,1015.99,1588621829
18,1015.87,1588621889
18,1015.87,1588621949
18,1015.82,1588622009
18,1015.82,1588622069
18,1015.78,1588622129
18,1015.75,1588622189
18,1015.82,1588622249
18,1015.84,1588622309
17.9,1015.78,1588622369
17.9,1015.89,1588622429
17.9,1015.76,1588622489
17.9,1015.74,1588622549
17.9,1015.89,1588622609
17.9,1015.82,1588622669
17.9,1015.91,1588622729
17.9,1015.92,1588622789
17.9,1015.82,1588622849
17.9,1015.92,1588622909
17.9,1015.92,1588622969
17.9,1016.01,1588623029
17.9,1015.98,1588623089
17.9,1015.95,1588623149
17.8,1016.01,1588623209
17.9,1016.15,1588623269
17.8,1016.06,1588623329
17.9,1016.2,1588623389
17.8,1016.27,1588623449
17.8,1016.22,1588623509
17.8,1016.25,1588623569
17.8,1016.21,1588623629
17.8,1016.25,1588623689
17.8,1016.24,1588623749
17.8,1016.33,1588623809
17.8,1016.3,1588623869
17.8,1016.43,1588623929
17.8,1016.43,1588623989
17.8,1016.36,1588624049
17.8,1016.54,1588624109
17.8,1016.55,1588624169
17.8,1016.54,1588624229
17.8,1016.66,1588624289
17.8,1016.63,1588624349
17.8,1016.64,1588624409
17.8,1016.58,1588624469
17.7,1014.75,1588623497
